955
-13.289625 62.854111 23.664068
-133.448837 -10.371849 101.498741
-50.767235 78.716644 36.286690
-107.282639 59.523796 74.026070
-83.515106 62.517467 7.460196
-35.444862 85.553391 31.533192
-106.812798 16.819839 123.677216
-91.592560 -48.933105 -0.543572
-58.937328 -138.546829 107.771957
-71.195366 16.358782 95.649933
-138.694199 4.903975 66.728096
50.774170 15.458374 63.694458
-29.344355 -144.540451 118.366631
17.300850 -140.324219 115.628502
-8.902462 -133.320740 121.600281
32.787704 -137.986557 110.582062
42.409081 -134.338440 116.398796
-72.883186 -134.416275 104.648392
14.872634 -133.850296 113.415176
-59.828484 -128.041870 92.656563
-55.078587 -130.926743 97.869568
-15.718062 -129.916855 116.104057
3.192867 -129.738190 113.664192
-95.799988 64.775391 22.920345
-5.526722 -126.942039 110.251526
8.944015 -128.173767 118.115051
-135.277908 -3.184600 46.774166
-91.386261 -14.386842 116.886261
71.119690 5.505050 69.155487
-46.436634 -130.420135 99.335152
21.091063 -127.730484 120.942535
29.736715 -126.351639 123.549301
41.390919 -125.180473 122.459297
28.715677 -120.979813 126.736610
-114.936462 11.092996 123.122276
107.481461 -127.056999 87.525917
-36.346935 -123.972458 97.986908
-22.332672 -122.653503 92.577766
17.029692 -117.333115 124.291786
50.353527 -119.064964 122.173935
-20.867552 4.955605 32.196720
6.413951 -115.550728 120.438683
-77.017509 56.683052 85.715446
30.105175 -113.738754 125.658615
-15.292069 -3.617794 82.446159
52.371925 -9.506880 94.821198
30.324188 -11.314628 102.030586
-71.331497 -106.521507 77.532692
23.353386 -104.894203 129.107239
102.831612 -46.493885 17.951273
26.655298 13.872575 75.734573
112.348923 -111.080925 85.411575
-26.472412 95.922913 23.418930
37.925739 -106.428093 129.601730
103.320915 -28.842258 36.873402
-1.878499 116.973618 -3.280875
103.143227 -106.535858 80.713921
-45.530155 -107.507530 101.352448
-18.563519 -103.723984 95.848625
9.959709 -106.711945 127.346107
3.308083 -4.115406 93.238640
65.200150 -1.552252 87.253136
89.307503 -10.206450 70.350151
2.748048 12.741496 56.323933
3.088866 -103.776978 123.858101
7.554501 -94.534401 125.382156
25.673834 -94.847557 129.659424
118.723007 -98.219246 78.711830
-126.881340 29.317919 46.702637
-75.198906 43.037979 25.025179
-45.819355 -93.301849 103.393417
-23.538319 -90.305222 99.463852
20.538332 -85.504677 133.458908
35.125534 -93.369446 128.133835
-35.117519 -104.554535 102.403847
-36.919865 -0.555550 80.140236
42.072887 -6.662453 96.256355
-66.798141 -86.981834 101.773743
-56.023529 -76.943481 106.977173
-24.918036 -74.682602 102.065598
30.414448 -80.546631 132.970200
43.015892 -84.530418 129.816711
3.915664 -84.424927 128.533142
35.938900 -76.351578 129.229004
-25.681040 -10.641765 87.311234
-39.792950 -74.339279 105.884254
41.132633 18.155748 53.021305
-68.608284 -74.744461 108.309639
-44.432343 -65.196480 104.279968
6.975064 -70.942604 131.297668
-7.614673 -15.203877 97.393280
18.635483 -6.373339 97.718971
-109.234871 2.545946 121.304840
-29.145247 -63.782501 104.228149
-118.352524 -20.250534 77.859886
-2.424740 -70.005104 132.047745
20.009441 -72.044846 130.893524
-84.785286 -72.709717 106.226936
-80.412277 -80.474281 103.180862
-72.366455 -63.135975 107.810577
-128.189240 -47.789768 68.061989
-36.037964 -64.316750 107.281433
28.149853 -61.403450 130.273926
63.813755 -57.548870 115.158173
65.195961 -23.483221 99.252594
-14.780184 108.739273 11.036535
-100.150551 82.947014 -13.496319
17.239811 -53.032295 129.852509
-94.606445 -76.791344 99.400993
-123.694702 -51.368473 34.519672
-29.484104 99.048500 18.209843
-53.468304 -64.759346 109.212013
-18.775879 104.523903 16.702694
-63.229107 -60.184944 109.832451
-56.647076 -53.799107 107.656471
-72.498550 -50.256962 109.574028
73.287300 5.078082 41.131420
39.556656 -63.615284 130.637070
-132.370407 -8.907644 79.672760
-33.180305 -51.389198 108.090942
83.593811 -2.820583 50.944462
56.020664 -54.857010 122.429932
111.187714 -49.109768 41.421844
-100.714600 39.615055 109.409943
-44.228455 -49.519356 103.974724
8.820184 -51.499832 128.720428
51.723526 11.273163 77.531868
-98.648888 -3.754222 124.632042
-57.033745 -44.645279 108.363968
70.367157 -42.713367 111.287582
-97.804756 -47.125866 102.888550
13.849503 -40.692432 118.654427
33.771908 -47.890182 125.954140
-80.794052 -41.669189 104.828018
-24.390699 -34.458679 104.228027
21.667803 16.162546 42.769123
-85.673470 -35.054871 102.627998
44.518719 -42.911541 117.185677
-50.227238 1.601099 73.453026
-97.094215 71.573502 10.976076
-70.294464 -31.978746 103.507393
-65.444214 -42.149204 105.584770
-19.221899 -24.829739 99.251297
-13.110444 -37.792397 107.974464
13.326590 -36.156975 106.879456
-87.046021 -6.333352 120.315292
-53.447678 -37.327465 103.744881
-39.246136 -36.637268 101.365456
32.898502 -35.942120 107.517250
62.685310 -31.785654 108.086159
-20.502287 6.614262 50.594566
1.559906 -31.866699 105.490143
19.277225 -24.985682 107.169350
44.900169 -26.321659 101.718681
50.913578 -35.236542 113.515900
-0.498205 10.361677 35.678497
-46.750118 -31.498821 102.992279
-37.323486 -18.301161 92.439064
3.149032 -16.024757 100.166481
37.593201 -20.473776 103.881935
62.768242 5.624991 76.746231
-71.610031 60.212086 48.570370
-90.196793 -20.973982 95.946861
-62.851509 -10.447372 88.528984
56.391815 -23.212194 101.075539
-61.547672 39.728676 28.523037
-124.355133 -0.591120 25.357746
-59.445618 -21.018414 96.393806
-55.727306 -6.189174 83.251129
6.512884 -153.514069 118.871162
27.571163 -154.176468 113.032272
-73.793312 52.447170 90.022438
-9.980843 -151.319077 125.386528
64.015594 -149.183517 104.766235
-67.012314 38.079308 81.513893
-7.417028 -141.025894 124.459641
16.698523 -152.100235 116.172745
-28.466602 66.045296 34.392700
-38.468136 -139.485352 102.276619
-108.980179 64.295868 -7.211042
-56.971508 11.145159 84.339531
49.484035 -137.515335 108.390678
62.136978 -139.997772 107.262718
80.884331 -133.427719 93.442955
-70.164063 48.044388 83.840813
-68.531967 2.165835 98.918243
-78.791321 6.745004 104.370247
111.664200 -133.425842 79.730644
-64.648872 42.308964 70.619629
63.379448 -131.321167 104.518555
92.894615 -124.005188 85.762260
-9.944139 108.113205 8.954778
-1.760616 66.021660 13.554718
-67.713913 55.962936 78.002396
12.818088 81.241478 -3.273931
-81.615288 -19.933113 94.905479
108.263718 -47.585339 69.514221
-36.759796 68.801285 30.212723
58.258678 -119.989769 115.389389
75.206062 -125.294624 99.664665
81.265205 -14.772160 87.500343
126.044662 -113.942635 80.281067
-103.578896 -97.739372 52.677994
-48.566505 69.311195 40.256695
97.939079 -116.727997 84.273056
47.475021 -109.806702 123.284653
78.134819 -108.076645 107.186638
90.930016 -112.460373 97.299965
112.506020 -64.236603 40.905216
-123.619949 -43.448414 31.175383
-20.610714 89.370224 13.499446
66.819542 -114.368271 115.248482
-82.366165 25.727074 95.326218
-89.160400 19.143112 13.130046
63.557804 -105.762619 115.748199
135.065918 -105.011703 69.902458
97.940224 -27.644056 76.332512
77.131424 -31.522421 99.116280
-81.110512 -14.502796 95.263977
-2.500695 103.515404 -2.605862
87.337555 -88.073235 101.894341
-91.493919 34.209793 109.574821
50.927608 -100.780067 124.710503
128.126831 -95.619507 73.915031
-35.764275 74.781349 27.453777
-5.666316 76.708862 10.754327
97.067322 -51.139194 93.219742
76.225471 -92.776634 106.980911
55.482414 -84.101898 124.287804
92.787735 -96.625313 97.905777
-6.013383 93.016716 1.514510
-43.762726 65.562469 35.183296
68.502861 -92.720383 116.080231
7.288696 105.173103 -13.179337
99.987610 -96.253258 89.558899
-74.106010 31.246025 87.317612
8.507430 110.948349 -19.959366
74.913033 -4.261289 81.837151
-80.844063 42.845402 9.377115
-92.433983 17.118170 115.817619
77.508919 -77.102036 112.441536
60.733486 -75.874229 123.782104
101.212273 -29.101645 67.410179
-64.220688 27.152071 80.440964
78.746666 -23.648354 95.742798
71.203339 -62.404480 115.754066
90.619179 -72.111496 101.680229
87.029007 -40.878338 98.670998
-21.873400 79.722153 15.491584
-85.663742 3.301381 117.595177
-8.563843 112.579140 6.066170
-78.484276 -5.485603 101.962883
102.226563 -66.810211 87.622223
-24.722767 72.190689 22.690289
-96.489738 8.278645 122.496483
-64.707283 57.874619 50.703716
49.470093 -72.253105 125.806168
-3.797709 69.785820 19.844631
-52.220455 57.134911 44.835651
-69.451027 -14.093562 91.801888
82.428543 -65.543777 106.954750
104.792542 -55.689182 13.474283
-37.799232 63.042526 38.089725
-82.395119 33.778931 96.579613
-60.348396 49.451614 52.387974
-58.030987 40.349545 46.247070
55.276413 -43.840229 115.009850
84.974342 -53.588028 105.444328
-85.326180 46.206245 97.901398
6.723609 90.212585 -5.163097
50.161922 3.310169 89.062531
-84.888428 -111.644592 55.358898
104.117348 -145.145432 33.508694
116.910309 -137.192505 32.949989
70.987907 -140.884430 10.269544
75.307663 -147.759262 84.591621
-80.761574 78.190140 -46.084568
117.248291 -140.497818 48.071739
-79.402504 58.226982 -1.699387
132.495209 -127.181686 50.490307
82.077965 -45.565926 -3.941203
-118.332870 -37.421726 21.814884
70.286537 -137.247787 -0.965854
66.570641 -139.954483 -8.842262
79.807579 -131.365524 -0.441745
-48.327579 45.795750 38.617531
128.618668 -127.484962 34.555672
-122.366135 -22.347441 45.002670
87.304657 -120.937187 5.759773
-79.939743 87.915825 -65.708237
2.635201 5.853174 21.512886
110.194710 -56.011150 28.096134
-2.157894 -9.452832 1.189618
132.736084 -124.698700 64.302696
-79.890999 67.988075 -12.395823
125.272537 -114.578430 22.772833
81.900986 -113.624283 -4.310235
-82.227333 53.371300 -29.260548
135.235947 -109.941795 35.235096
-58.128948 28.019241 64.028465
75.736633 -110.664894 -13.926066
-78.782066 64.462349 -23.655334
96.392296 -110.442230 9.774558
86.365211 -107.137718 -4.420974
-132.029358 22.690802 61.900917
139.919632 -106.307442 50.471745
98.143677 -94.874924 5.899518
58.744308 -16.880377 -0.618590
-125.819672 -17.842896 66.099495
87.361336 -89.385139 -4.558179
-28.189266 55.460945 27.187576
-129.230255 43.070129 48.605766
-105.573715 53.049057 14.804409
-135.862305 0.886243 100.377167
5.107371 73.331474 9.894586
99.887039 -79.494362 10.617233
-134.352692 0.147234 81.099060
-112.381767 -82.814247 73.369072
-123.448395 -22.812773 57.809792
-61.868732 41.691120 56.693054
105.027870 -91.058167 16.939064
-64.600014 -148.623917 113.149231
-57.903423 37.809395 35.963802
110.702194 -67.174820 70.883736
99.933708 -69.607513 4.428306
110.033981 -75.967552 26.874905
-77.688972 85.400253 -81.460365
-86.527802 91.286682 -55.030788
-91.980057 106.210747 -69.319733
-107.294449 60.880783 57.263840
-121.949852 53.073326 78.498550
-105.309776 57.933933 33.258957
-110.752251 53.245323 89.515755
-92.965248 91.865936 -45.403648
-99.585327 104.401627 -61.921913
-133.278503 16.000393 78.616577
-134.485184 -13.764190 57.431831
3.883116 3.630016 83.644615
-96.239563 59.923103 36.941856
-103.070496 102.636963 -66.427101
-47.480255 13.876895 47.798294
136.154785 -91.897026 46.965992
15.608162 13.664585 72.052750
-51.107506 16.035786 66.869911
-39.805027 91.545952 24.727543
-133.626251 -10.606853 69.663155
-16.474756 107.727531 4.420007
-85.182304 60.924137 53.015022
88.990189 -9.500832 32.858700
-109.891136 -47.812675 9.671828
126.926147 -86.306618 47.049919
-78.966019 59.303993 38.001038
-101.961494 91.400444 -37.843491
135.717896 -92.382866 60.838028
-128.995529 34.425495 84.288155
8.172539 -22.599716 104.994087
-94.033913 83.932190 -17.092493
-87.330231 61.551571 71.831268
126.943016 -86.673592 63.616680
122.611481 -88.625824 68.158989
113.519012 -86.293556 58.938229
38.336838 16.585676 33.862190
-128.151947 -41.440804 43.326321
-22.609692 -3.712633 79.053589
-47.364777 8.443123 62.420502
-118.778244 -20.379847 33.605995
-32.380817 9.810502 57.425930
28.960705 -40.470650 119.613457
-105.614082 49.495575 7.436003
-90.153481 54.226627 93.179794
-86.661156 78.613770 -14.528391
110.038528 -92.706093 70.876419
-17.190622 4.856478 60.674339
-109.010735 41.710316 106.681053
-54.382534 24.440165 51.859112
23.746288 3.744005 90.129959
59.763126 11.955124 34.332211
-50.787258 -17.773788 -1.351012
3.397953 -30.092024 -11.628462
-84.690422 -153.998871 71.929596
-86.901329 -144.502869 92.780235
-73.106956 -147.360626 112.391914
-19.474356 -152.207245 124.262802
-93.611099 -154.110077 49.825966
-86.938744 -143.453827 51.646206
-88.136078 -150.340958 80.775208
-20.098763 -144.741028 124.568016
-83.120781 -150.435883 104.653084
-34.075142 -151.532288 111.539604
-95.203583 -144.680618 35.956608
-98.860870 -148.772903 41.231808
-74.373970 -145.961700 64.373291
-97.877007 45.949253 -24.622288
-89.875954 -136.707489 36.955601
-65.078133 -131.992264 51.491570
-108.672821 97.917450 -61.035328
-118.382530 -26.924765 76.182930
-82.492676 -135.160782 43.618279
-132.755096 45.607555 70.033012
-30.429510 -136.517654 109.583664
-132.940079 -2.031610 107.621742
-27.153357 -125.207832 95.600632
-16.351612 -49.619644 108.949524
-108.388206 -62.115189 95.638657
-121.494728 -5.635885 116.283897
-20.652842 -127.082184 105.424248
-12.109384 -47.313545 110.128029
-121.176384 3.547129 116.137764
-23.192568 -60.767334 106.785172
-11.581844 -62.839130 125.806450
-13.560453 -73.854836 125.292610
-55.516666 -121.686600 93.779335
-13.130341 -124.182144 101.683350
-0.834151 -118.184204 118.763771
-125.961800 -15.517471 107.234009
-71.931145 -111.226212 67.820923
-63.272232 -113.995239 69.428574
-102.657135 50.552132 -24.334631
-80.197906 -71.102608 -5.654722
-119.514938 -45.906010 82.552376
-109.190964 -45.139904 92.728226
-104.614670 62.020123 18.434725
-63.940292 -109.123077 78.130936
-95.070717 -58.529743 103.938545
-0.683608 -107.342957 121.086601
-108.437599 88.160606 -37.654724
-117.343819 -63.913704 83.464798
-68.136223 69.214478 37.472260
44.464546 -28.579346 -7.876602
-2.609498 -41.590061 108.031525
-125.487038 -59.238304 72.608017
0.264103 -48.943619 125.199776
-51.366325 -96.848030 99.440063
-122.598091 15.347079 115.986191
-113.095345 -10.742265 114.851944
-114.491966 27.537090 115.891685
-108.176758 96.507385 -52.373741
-86.728485 -60.158611 108.803459
-118.327156 -20.043709 101.897652
-7.677644 -91.026482 120.838669
-55.758030 -66.550812 -9.815710
-20.394028 -85.096008 101.903244
-18.611362 -53.946014 109.683914
-48.042511 -143.289108 -10.364210
-129.870026 -11.962823 39.669434
-80.448845 -148.354080 71.572357
-101.955826 85.336464 -51.023819
-55.361446 -152.253860 6.478699
-100.970787 74.835281 -37.969330
-50.448769 -153.985260 -10.775501
-87.559143 -143.167328 19.842812
-46.804821 -148.679276 -15.297859
-129.406693 -39.845554 59.550907
-102.173744 57.554321 -6.112335
-66.686882 -140.592773 63.467659
-82.191917 -141.864426 75.713608
-46.004730 -138.405045 -1.993595
-82.328423 -137.265076 85.386620
-101.689606 67.261002 -25.022474
-78.840477 -134.176666 96.515709
-75.402557 -131.032288 37.120369
-71.635834 -123.994034 33.560394
-66.094215 -129.325668 92.197899
-71.657974 -133.479568 22.939419
-132.377945 31.584194 59.435970
-105.845993 73.549423 -3.451101
-54.083492 81.112038 31.453377
-65.841385 -121.324440 18.896868
-103.025673 -94.793839 69.528702
-58.666416 -131.292557 60.216095
-64.604950 -130.085754 77.161263
-23.848108 -127.250801 -4.459018
-67.212593 -117.852478 45.386356
-126.670929 -62.493420 36.498428
-117.708549 50.819420 35.565369
-127.831017 54.108883 63.025047
-58.419922 -120.695969 56.212444
-132.824921 16.203913 44.535168
-44.657501 89.640488 15.889092
-66.081406 -100.997940 12.018926
-95.677567 55.486435 -55.676300
-23.396681 -117.216171 -4.816565
-72.959129 -111.066063 30.508644
-70.567772 -116.812431 40.475510
-111.228134 81.564720 -37.407948
-127.702354 27.416845 76.457726
-122.068970 55.036160 48.358482
-99.473289 59.820782 -26.894426
-110.148293 88.904060 -49.860901
-129.004395 11.170666 107.393959
-27.050606 -109.031174 1.152232
-108.175858 54.605042 26.496250
88.595871 -76.201370 -4.948534
-100.124672 38.097778 13.444894
-22.843513 -97.389122 -21.591648
-100.307968 -98.012451 30.656940
-95.463326 65.166290 -51.818722
2.774105 109.346489 -19.383945
-25.616686 -99.721626 -8.964436
-93.601906 -94.989227 19.657370
-95.095245 82.210243 -59.822411
-51.494728 76.034012 14.525247
-104.070023 -91.995705 28.088318
-37.197128 -55.669048 -13.717830
-128.859055 21.469357 37.066662
-117.819817 -81.718941 34.339581
-115.953621 -82.268066 57.943653
31.533749 -39.190308 -12.429071
62.197781 -61.009899 -20.623497
-89.373543 67.756378 -72.257286
-115.236977 -79.442162 27.802671
-114.684219 -87.185387 44.913372
-123.682648 -73.883759 57.515015
-103.739204 37.168709 17.618593
-98.771210 92.890747 -62.687511
-24.277460 -80.596634 -31.006807
-33.043808 -75.119850 -8.731731
-122.347588 -68.001831 66.732727
8.415970 -51.259884 -34.565254
-28.768646 -82.372253 -18.923330
-120.822136 -64.926064 24.065359
-61.662018 74.581787 25.157303
-115.403748 -73.384201 23.398167
-116.716576 -74.807220 80.122261
-111.150818 34.399670 21.576149
-27.574823 55.937931 18.836681
-124.182236 -67.304680 47.570110
-123.191856 42.892323 92.409225
-118.051552 40.417645 35.236401
-131.468842 50.752312 54.349243
-27.064316 -69.023300 -23.831839
-85.565498 -6.700045 12.722576
-101.031075 -68.998077 1.310433
-113.135185 -65.287071 15.037106
-126.606277 32.394600 98.995979
-98.619507 53.051807 -44.479111
-122.754143 28.753540 33.220940
-129.542023 -57.347527 55.259296
-109.603638 74.663193 -26.885487
-29.958332 -65.580101 -15.444794
-57.583912 -156.597504 5.273258
-128.854401 36.623478 52.755013
-119.823112 -55.924488 20.129433
-131.666656 37.217255 71.971817
-101.719933 -13.821253 17.240828
-19.564005 -65.335403 -35.484882
-126.496887 13.759392 32.671234
-28.140987 -0.615378 14.757670
68.277557 0.481443 19.813465
105.899635 -103.687904 25.587563
-4.467059 -16.211817 -5.003208
-33.888481 9.497803 29.570246
-10.291306 -51.235821 -32.261490
2.449098 116.140839 -12.587740
-42.216412 6.073805 13.639288
-31.795431 97.524261 9.529659
113.293083 -90.013542 36.756897
-30.238113 -154.018387 -26.399807
70.203438 -11.699759 6.769446
-71.406982 1.880755 14.647772
133.018417 -95.865303 34.634396
7.614364 -40.083603 -14.509350
-30.939981 -14.838358 -1.744713
-12.553526 1.055073 17.063457
19.288132 -20.157318 -10.724414
17.294827 7.217130 13.949277
-15.219259 -154.404373 -23.028313
-71.279564 65.255486 31.796957
-29.886869 -29.263920 -8.385111
11.828236 94.376564 -23.538338
-72.653435 56.186874 28.778524
-87.322586 104.203476 -77.725601
-16.587353 -16.834761 -1.886492
-85.388611 56.275444 27.387529
75.193268 -18.438255 6.779925
65.778618 -36.655254 -9.955689
114.430229 -87.151375 45.375092
89.535866 -19.538958 16.582314
80.820511 -29.799639 1.908586
20.082804 -38.307293 -13.312415
6.621330 -16.353285 -3.552283
54.483803 -45.304859 -14.185617
23.445469 -8.820848 0.679504
56.245983 -28.477821 -4.734537
-67.040520 -134.142303 17.878170
-79.771393 44.708920 20.418087
42.279953 -39.105358 -9.841492
96.141739 -35.476879 11.131765
-40.281368 -8.913633 2.850626
-29.326202 -141.937500 -24.552542
-52.599567 -2.976007 3.908491
-71.971222 30.839636 19.796671
2.685964 -60.876888 -40.046814
82.067337 -55.802368 -8.280970
-61.250881 -5.504746 4.121988
11.177664 -43.515793 -24.975332
28.478374 -18.977018 -6.705652
37.196625 -47.633686 -27.161776
31.518217 5.269765 13.954082
15.779502 -0.319095 7.334853
43.098366 -58.079018 -29.580666
54.305309 -57.713917 -25.398430
48.840160 -2.314693 3.887549
25.420635 -55.774681 -34.108139
126.188995 -91.452965 34.838959
41.947708 -3.959555 1.928187
-9.397758 -44.745155 -15.458253
99.819603 -113.425850 20.066334
-18.802982 -7.643244 4.867120
21.772472 12.319500 24.427948
120.910408 -106.508102 22.180273
-54.980427 13.147810 27.721960
44.978508 -152.015091 -13.071088
36.104366 -13.263944 -6.828159
-37.089855 -155.807373 -24.922161
-81.250198 101.213936 -79.024529
-36.520950 -134.777390 -12.840540
-1.936180 -154.442841 -19.313215
-62.229595 9.251111 20.243189
45.489872 7.829361 17.157862
23.670855 -149.049774 -16.499844
-53.060661 61.966431 15.190119
-31.214949 78.023720 1.747948
68.177292 -154.356018 26.221619
-5.079084 -143.380920 -22.207699
-95.361855 -150.438553 27.088255
69.952980 -148.548279 20.535139
49.008545 -146.140610 -12.310785
11.317517 -150.964050 -17.239187
-90.307297 -150.669708 17.366989
98.328964 -146.533981 29.366816
29.806879 -140.133667 -15.407412
-67.774544 -147.010254 10.104031
90.667206 -148.598267 28.137245
-63.885273 -19.733433 -3.864519
84.627708 -139.646286 19.245314
52.988998 -132.989273 -17.645172
7.342084 -139.407181 -18.314358
103.832596 -136.064178 21.576729
-9.754153 -133.878616 -20.200953
-53.078472 -143.092026 7.706189
105.135536 -124.850243 16.050898
80.330544 -135.492920 15.572027
79.152267 -126.746849 -7.267335
34.037746 -130.651581 -24.853954
-20.166189 -129.286774 -13.678332
-84.378204 -49.564953 -4.314238
-104.702477 -22.949003 14.680291
-44.212433 -132.330673 7.985134
-37.578068 67.384521 6.592270
64.363701 -131.544479 -11.117319
43.006042 -135.192322 -17.551247
-40.708233 -22.025696 -5.615777
111.163292 -132.174576 21.131601
-93.193375 104.175217 -74.753639
6.377261 -130.526749 -25.864298
-1.627201 -122.861641 -28.155218
-34.192326 -129.150192 7.870114
69.939888 -126.081474 -13.800557
20.287476 -134.753983 -23.876480
14.570103 -122.643677 -30.277100
-47.138504 -121.763718 9.241758
92.606880 -122.867805 16.574032
-31.750549 88.008949 3.384569
-105.425575 -41.291092 7.768151
66.943413 -119.977959 -19.986561
36.195484 -120.970322 -25.109062
52.836502 -120.178116 -23.407860
17.523853 -113.729469 -31.142616
-14.958925 -115.784973 -23.697172
-81.745193 36.697399 17.027550
-28.027191 -125.332024 11.006482
-104.982925 -21.098740 108.512375
-57.298210 -125.065292 13.367142
-107.752861 8.707718 16.034626
32.148720 -104.662285 -32.040630
-34.981144 -111.478096 8.708485
-123.595787 7.555480 24.303553
-84.408043 87.831192 -79.660980
-65.171448 19.383877 20.541727
-28.133749 -108.707504 5.250886
-80.957870 -15.366526 4.578004
-13.429428 -31.630812 -12.821547
42.644135 -109.375801 -25.705555
20.947283 -106.789772 -34.278191
-12.368823 -98.821922 -33.674526
-64.364868 -42.097897 -10.751933
-31.934769 -97.771141 1.105391
-70.670364 -107.894302 21.189896
-97.420349 10.807352 12.834689
-77.186516 -42.564995 -4.793022
-104.202454 22.033823 16.605736
67.979141 -108.358032 -18.317474
52.219948 -102.804520 -25.806093
4.876804 -106.053665 -36.971622
-97.248055 -36.774376 4.102529
-49.040894 -107.503868 5.624435
-83.328186 -106.641869 23.539257
-117.811340 -11.716236 26.200691
-20.903275 -50.245209 -14.911315
73.646332 -101.498009 -13.552464
49.669315 -89.675728 -28.482584
47.537247 -96.873993 -26.731241
26.301065 -94.175995 -33.037167
12.631307 -99.655968 -35.092083
-46.527649 -90.973686 -2.661493
-59.801125 -97.766190 6.346869
-113.584946 22.244871 22.434498
-66.590988 50.180832 24.639671
-38.100170 -87.865936 -1.918361
-69.779625 -92.059456 1.744779
-80.815468 -99.167358 13.785876
44.778156 -83.133591 -32.005428
-112.232338 -91.164116 55.519470
-4.011945 93.371033 -11.749763
67.224831 -92.865227 -21.186367
-78.551140 -93.256912 3.946482
-98.419662 -85.289665 10.239271
15.495583 -81.600540 -38.633030
-54.130653 -85.279099 -0.856106
-107.994881 -87.092422 19.981867
55.619183 -82.126488 -24.775446
25.937193 -78.418770 -36.082634
-9.006170 -86.041000 -40.554585
-33.048126 -86.343330 -4.188301
-118.204277 -19.157894 82.578659
-86.706154 -83.673935 -0.632006
72.991203 -66.834000 -15.702065
54.651752 -73.336533 -25.612820
-7.535523 -68.624802 -40.648499
-68.603378 -79.758263 -5.915024
80.776024 -89.294685 -12.397124
-48.881626 -76.307259 -5.768545
5.273292 -76.907425 -40.073803
26.253645 -67.213791 -37.749641
-64.392929 -28.730854 -5.117215
-107.721970 -73.922554 12.771771
-105.787582 -5.243671 16.126640
95.038200 -61.596245 -1.465683
-82.064972 -33.962391 -3.538134
12.751111 -64.555695 -38.901733
-69.545998 -71.970810 -9.625875
-11.684307 103.720734 -6.468512
-41.555275 -66.500023 -9.258544
-90.784874 -68.923706 -3.385804
64.695580 -47.153797 -12.410994
51.524971 -36.618473 -11.318249
-41.212242 -37.299782 -9.088198
36.691982 -67.565590 -32.002342
-69.174812 -55.586514 -10.890907
-50.066837 -51.606171 -10.897162
-20.569572 -157.201981 -20.384705
30.637493 -156.325302 -11.005659
44.510658 -156.094559 -7.585475
56.108910 -152.438644 -7.692307
-3.970730 -157.291489 -15.800467
12.498436 -156.637985 -13.664148
35.082458 -155.560455 0.102068
-45.171455 -155.874207 -20.171688
-5.354143 -156.517151 -7.370222
14.949652 -156.051315 -3.675668
46.277390 -156.211914 2.487861
51.820755 -155.868347 12.802485
13.519656 -148.410416 1.335709
25.131708 -155.440765 -1.579568
21.876921 -147.147202 5.967890
40.541336 -148.440277 7.219108
61.490746 -154.351517 3.065104
-8.446200 -147.920135 -1.514926
10.372252 -147.473740 7.367221
45.007751 -156.397980 27.572933
64.596062 -154.505341 19.281471
41.420650 -148.032516 16.224716
44.465160 -152.720657 17.797918
65.100349 -155.490448 36.116737
72.115334 -154.520248 31.234509
84.452065 -150.177765 28.413372
30.404478 -151.783691 35.718262
54.539959 -156.153244 32.144543
72.004639 -155.857681 43.701958
93.768661 -152.222473 52.687332
-72.209091 -156.351257 9.455111
4.890327 -147.923492 18.739912
17.696211 -147.756485 21.965923
102.342690 -147.989624 44.515751
-92.101700 -156.513794 18.757874
-0.482771 -148.530197 27.590569
46.919460 -154.173233 36.317501
7.731660 -148.530716 35.814762
29.679123 -154.416656 44.620876
38.527557 -156.156555 30.372520
38.764015 -155.879227 40.198185
-21.590742 -149.016129 37.007931
74.164169 -155.110504 58.518440
111.438316 -143.602783 45.960281
-1.270848 -148.705383 39.386742
68.773346 -151.889801 57.898998
87.781403 -154.469101 46.029922
104.692352 -146.035522 59.595970
-80.612404 -156.911087 12.938890
20.411982 -148.275757 42.623070
23.762924 -148.847595 53.013050
97.459816 -147.238663 67.905457
-97.843124 -155.345840 30.663273
-15.550097 -149.485245 54.376144
-4.714434 -148.908798 47.233253
39.436863 -156.668793 52.360935
63.768688 -154.981949 67.310745
79.561470 -152.924728 66.438248
97.976799 -149.596237 55.904850
105.677193 -141.584351 72.708763
-95.227654 -156.955978 32.518227
-30.001446 -157.057800 51.687107
8.771897 -148.604614 46.389675
30.501034 -154.963943 56.666142
17.431326 -148.565399 58.553719
65.219124 -154.258606 86.936699
86.811775 -148.038666 73.832176
-98.672325 -154.393677 40.833546
-8.923687 -149.141602 57.523937
7.471970 -148.895065 61.175560
119.982437 -137.824112 61.656857
-89.928932 -156.773193 44.378815
29.765896 -148.321228 68.513779
116.610405 -135.326767 73.049728
-23.467962 -154.929260 64.649078
-0.445108 -148.814178 70.854156
40.947910 -154.973145 69.963905
53.208721 -154.545547 84.492752
85.212196 -140.378052 81.362465
11.315763 -148.554321 71.334549
97.562332 -144.067001 75.277802
-20.847229 -150.040588 68.597725
-11.069889 -149.064255 70.186256
23.419724 -147.851990 79.781723
96.721359 -137.965988 82.557060
-84.748688 -153.988007 59.326599
-34.074482 -155.765533 74.200195
17.317663 -148.365417 73.618622
46.524841 -148.957489 87.350098
-97.871979 -30.236992 95.298042
39.813160 -147.305283 78.229919
45.591099 -155.341217 94.577606
-78.542519 -150.508316 64.774544
-42.216061 -155.884949 79.562172
-32.184132 -155.212524 88.953049
-24.731590 -149.259720 83.712357
-11.816750 -148.799774 77.939560
-3.795359 -148.329788 80.922424
-104.612968 -27.612625 92.151062
-55.515156 -87.023041 102.685684
-109.631111 -27.393612 86.322662
46.982933 -155.170227 105.618858
67.698730 -150.506912 98.879349
-99.162659 48.586823 -36.215046
-83.685684 -108.509834 32.378384
23.061123 -146.986786 92.409523
33.103504 -146.847763 89.409737
-91.536392 -98.427017 79.849297
-111.445999 -17.187239 110.653152
32.608032 -153.943344 111.473610
-103.427917 -24.062891 96.251686
11.211159 -146.834091 96.080124
26.660612 -155.045532 102.451645
-11.911931 -154.748795 121.396591
-17.377914 -147.955963 90.699333
-9.822950 -147.386200 96.589638
12.418320 -154.957550 104.786636
50.243061 -152.185150 108.704880
-125.977364 -18.575588 95.006767
-104.067734 -8.472937 122.634354
-94.404587 -107.287712 44.969757
0.317166 -147.071625 96.409012
18.686789 -155.147263 111.779854
-108.073975 -74.433449 90.220039
-52.756424 -154.676880 106.556450
-99.022057 -87.885605 89.621887
-40.300240 -154.983963 103.716393
-29.562140 -155.313126 103.668297
8.359677 -155.186539 109.115700
-25.360701 -154.827698 114.901466
-0.749397 -154.143890 120.532753
-60.458382 -104.522583 88.079544
-106.823166 -94.460709 40.845840
-89.388176 -152.563461 88.530449
-53.093159 -152.233444 109.905037
-6.220560 -154.910858 108.205009
-97.233330 -104.529625 60.470055
-86.769707 45.636593 -19.534475
-89.128662 53.028774 -51.371078
-49.327679 43.748295 28.233683
-19.020523 58.909157 18.910648
-58.260914 24.338310 32.482693
-87.919189 57.799297 -61.816936
15.221850 95.359474 -21.745329
0.153704 80.457901 -6.286249
-81.295837 50.958874 -16.278740
-95.461014 43.199047 -13.289856
-81.147240 71.054749 -73.441452
-26.238686 61.751896 9.480266
-89.538345 34.173717 14.127553
-92.787453 50.258358 -47.789692
-47.541996 48.397449 20.894880
-67.153229 27.037123 23.838800
10.645401 75.318558 -0.334132
-85.627769 41.531166 -2.033361
-81.327217 68.797821 -50.764088
-14.378140 73.512360 0.623594
-0.362363 70.315552 3.409172
13.643436 81.668236 -12.962626
-97.634041 39.823681 1.452719
-59.266541 -89.512009 99.295265
-87.023376 -77.810196 102.121445
-55.046005 -155.223694 106.612808
-73.002739 -155.151520 109.610832
-30.872755 -157.212479 -23.144375
-40.999039 -157.080536 -22.236309
31.677042 -156.124405 -1.642519
-40.062847 -156.123245 3.256900
-8.173977 -156.746323 -8.534960
-26.765425 -156.747253 -8.966485
-51.558201 -157.036453 -2.385711
-23.711687 -148.483383 -1.900882
29.009752 -147.275070 4.816186
28.612890 -147.036255 12.388663
-32.410942 -148.347275 5.057513
-8.778687 -148.186005 -2.047902
-76.009583 -157.326294 11.852228
-61.416939 -157.267990 8.643894
-37.217720 -148.870209 15.216027
-25.062319 -148.712662 29.638374
-44.718208 -156.558640 21.879667
-16.259605 -148.650604 15.875689
-56.413631 -157.187347 39.001591
-83.421616 -157.332230 34.063553
-39.614677 -156.555710 43.253677
-33.133640 -156.962204 37.424187
-63.981213 -157.125076 47.962391
-52.886040 -152.703735 43.445210
-32.502045 -156.820755 49.144779
-88.225777 -155.843216 52.905491
-78.042587 -156.243851 63.712860
-67.243988 -157.195847 60.151005
-85.605011 -155.212006 78.029762
-59.256920 -97.526558 94.894402
-73.493385 -109.500359 70.554863
-88.210236 -95.500237 88.661362
-66.445992 -156.088257 75.032135
-78.050369 -86.851715 100.823128
-78.145973 -113.106819 54.875656
-88.185684 -153.699112 93.525650
-44.974731 -155.846481 80.032257
-65.158005 -103.932899 86.621964
-87.373123 -106.913818 67.394081
-82.281670 -155.226791 102.539917
1724
136 156 64
156 136 610
332 330 339
340 396 335
194 43 172
804 626 786
172 43 370
474 538 453
3 6 345
136 64 343
343 51 87
700 569 683
373 76 364
826 846 838
334 357 371
24 332 339
4 333 370
69 529 537
529 312 475
7 436 35
399 312 465
20 463 18
306 342 354
93 7 35
124 374 436
156 151 64
7 124 436
123 197 324
280 306 294
545 366 699
288 337 445
224 360 68
343 338 51
128 93 871
255 7 93
64 151 373
336 314 486
362 136 87
878 876 845
128 255 93
714 507 512
547 478 505
7 222 124
891 286 323
514 494 901
480 711 707
103 118 133
654 287 274
569 748 653
255 128 146
373 364 45
87 136 343
16 31 19
138 122 267
323 286 266
671 901 239
321 326 550
884 512 506
137 163 841
873 867 849
17 40 33
206 54 44
182 17 16
869 182 16
855 536 902
137 131 424
14 16 19
54 223 74
903 900 526
134 424 438
196 163 137
206 44 33
82 257 84
639 274 273
343 373 338
134 137 424
84 118 103
118 122 138
100 438 98
116 134 438
830 836 191
273 795 785
518 527 513
165 105 46
627 777 776
16 17 31
105 62 46
149 160 153
99 100 98
116 438 100
141 196 137
145 149 153
861 869 16
298 902 890
130 104 246
338 373 45
690 675 692
99 78 88
141 137 134
287 280 278
155 154 149
556 111 113
664 715 623
88 100 99
260 219 196
31 17 32
100 114 116
17 33 32
74 73 67
84 103 97
650 903 622
111 479 345
134 142 141
84 81 74
557 326 209
675 678 708
196 168 260
138 368 133
900 908 909
9 382 322
382 9 18
785 810 781
88 114 100
114 142 116
116 142 134
168 196 141
31 32 34
688 725 499
40 206 33
104 130 267
712 727 717
77 376 47
74 67 49
21 20 18
243 63 217
114 115 142
260 168 164
150 165 155
49 54 74
448 633 641
115 129 142
74 82 84
108 103 133
901 494 911
64 373 343
851 79 78
78 79 88
88 112 114
147 168 141
142 147 141
150 105 165
133 118 138
79 112 88
129 147 142
168 169 164
81 84 97
52 68 57
34 44 39
328 334 277
256 259 204
256 204 3
21 412 20
112 115 114
125 129 115
746 582 747
836 36 191
149 154 160
125 147 129
650 900 903
896 570 910
9 30 21
89 79 851
157 168 147
44 49 39
87 51 12
89 112 79
112 89 115
89 125 115
157 147 125
168 158 169
76 139 169
103 108 97
56 234 554
21 30 412
851 86 89
157 158 168
158 76 169
179 30 9
30 58 412
71 86 851
50 588 55
907 899 290
204 6 3
58 75 71
86 102 89
157 125 148
157 148 158
445 337 27
179 37 30
37 58 30
37 75 58
120 125 89
165 154 155
89 102 120
80 86 71
120 148 125
375 320 300
75 80 71
80 102 86
94 120 102
179 402 37
158 85 76
165 46 154
94 102 80
135 158 148
120 135 148
143 158 135
143 85 158
273 274 795
271 376 77
223 82 74
38 75 37
72 80 75
94 409 120
44 54 49
324 372 361
402 38 37
456 455 392
772 627 624
38 59 75
59 72 75
80 409 94
409 403 120
135 120 403
72 442 80
167 678 738
267 155 138
616 328 290
456 471 455
267 130 155
510 899 894
277 334 371
59 442 72
4 476 331
409 443 403
403 144 135
144 143 135
143 45 85
32 44 34
73 81 97
15 22 13
481 894 890
50 281 588
144 91 143
36 205 191
387 15 13
22 413 406
106 113 192
108 133 368
127 51 376
91 45 143
91 61 45
15 25 22
25 413 22
489 426 437
87 12 377
47 92 153
586 70 671
505 69 537
127 376 271
338 45 61
301 304 297
92 47 376
126 108 368
153 160 47
83 96 411
326 292 209
362 87 377
465 69 305
152 144 430
159 144 152
159 91 144
159 61 91
342 306 561
74 81 73
23 414 25
899 327 290
96 90 432
52 57 205
14 23 15
15 23 25
414 42 425
90 126 432
356 159 152
52 205 36
160 77 47
23 42 414
12 51 127
906 897 279
66 83 65
83 90 96
894 899 907
202 68 52
319 288 363
23 26 42
900 909 892
14 19 23
23 19 26
26 39 42
890 894 907
356 92 159
92 61 159
274 287 278
60 66 65
26 31 39
83 73 90
108 126 90
92 376 61
376 338 61
33 44 32
155 149 138
60 67 66
66 73 83
153 356 145
66 67 73
97 90 73
97 108 90
356 153 92
513 506 512
19 31 26
49 60 39
60 49 67
846 878 845
209 292 123
31 34 39
257 122 118
183 182 869
62 271 46
727 731 717
294 202 825
182 199 17
292 262 50
199 190 212
285 275 283
240 7 255
242 257 229
240 222 7
744 504 540
150 218 105
84 257 118
146 250 255
223 229 82
255 250 240
223 233 229
199 215 206
372 235 57
324 197 253
869 174 183
240 213 222
253 197 227
202 216 224
218 248 245
230 253 247
219 146 28
187 250 146
250 187 240
213 264 222
229 233 242
252 146 219
240 187 213
222 264 269
200 207 212
268 218 130
196 219 163
252 187 146
105 218 245
258 254 178
200 184 208
296 299 287
174 184 183
183 184 190
375 893 323
644 285 283
887 865 881
905 195 315
10 213 187
172 269 264
257 104 122
252 186 187
186 10 187
236 213 10
201 238 62
219 260 252
236 264 213
315 226 258
452 590 615
260 186 252
236 172 264
315 270 226
732 493 310
9 322 886
185 172 236
236 175 185
164 186 260
241 246 242
186 181 10
10 244 236
150 155 130
169 186 164
181 244 10
179 9 886
830 191 184
77 160 46
177 14 176
518 513 318
270 231 226
169 181 186
236 244 175
334 353 357
372 324 235
261 268 246
218 150 130
228 241 233
227 217 248
249 225 254
104 267 122
123 243 197
243 55 63
261 247 268
538 527 518
226 249 254
228 221 241
169 139 181
190 184 200
208 235 230
221 247 241
911 906 901
241 261 246
221 228 207
677 688 681
740 696 682
139 344 181
182 190 199
230 247 221
233 223 215
324 209 123
311 1 178
311 892 1
387 383 173
193 258 1
910 195 905
259 256 265
294 216 202
216 354 224
249 231 211
195 270 315
292 50 55
212 215 199
266 265 320
211 192 113
208 184 191
830 184 276
266 259 265
901 671 214
891 903 526
82 229 257
14 15 176
805 793 796
268 227 248
36 202 52
57 208 205
215 223 206
199 40 17
202 36 188
274 278 795
247 261 241
57 235 208
235 253 230
882 176 173
228 233 215
170 177 176
227 268 247
56 251 220
254 198 178
266 263 259
263 232 259
232 204 259
190 182 183
268 248 218
286 263 266
248 217 201
258 178 1
205 208 191
891 311 286
208 230 207
231 270 220
207 230 221
299 280 287
77 46 271
176 15 387
161 271 62
220 234 56
154 46 160
6 204 232
220 251 192
225 6 232
177 171 14
324 253 235
212 207 215
233 241 242
249 211 225
311 263 286
198 232 263
215 207 228
200 212 190
242 246 104
268 130 246
270 234 220
232 198 225
299 561 306
825 202 188
152 430 145
311 178 263
178 198 263
104 257 242
258 226 254
631 639 273
248 201 245
220 192 211
504 748 569
211 6 225
237 554 234
588 578 55
253 227 247
40 199 206
226 231 249
220 211 231
641 633 585
201 62 105
200 208 207
254 225 198
14 861 16
27 337 11
478 69 505
295 302 277
564 609 548
732 310 304
486 465 305
486 544 465
526 900 892
446 456 392
266 320 375
470 471 417
688 499 681
327 616 290
527 538 474
347 106 251
279 5 239
909 315 193
879 878 846
323 166 891
838 846 845
530 475 312
299 306 280
352 428 568
805 833 826
463 20 471
496 884 503
907 302 298
768 283 275
239 586 671
427 431 518
848 866 847
394 398 461
607 700 683
27 478 547
304 307 303
677 710 688
298 890 907
346 11 337
907 277 302
777 780 776
796 793 787
613 755 754
895 234 195
895 195 910
470 477 395
279 302 295
297 304 289
285 289 643
366 288 445
787 793 769
301 297 659
493 325 316
896 909 908
854 276 184
399 476 530
284 283 768
11 336 305
310 493 316
465 312 542
570 895 910
289 303 663
870 2 119
307 321 303
307 316 321
375 323 266
307 310 316
496 698 856
663 643 289
325 739 262
303 321 550
325 262 326
473 484 462
275 627 772
302 279 897
710 517 725
826 838 813
363 366 210
166 622 903
542 312 529
288 319 337
325 326 316
768 275 772
262 292 326
570 237 895
275 643 627
285 643 275
315 258 193
185 175 189
277 907 290
298 302 897
755 284 768
297 289 644
304 310 307
110 363 210
202 224 68
197 243 227
243 217 227
455 470 395
644 289 285
185 189 194
526 892 311
101 453 538
401 415 405
289 304 303
320 244 300
320 189 244
303 608 663
318 524 518
174 854 184
189 265 194
303 550 608
189 320 265
650 623 908
822 294 825
294 306 216
306 354 216
764 770 769
123 292 55
189 175 244
651 283 284
123 55 243
321 316 326
278 280 822
822 280 294
194 358 43
616 329 328
358 370 43
330 476 4
269 172 370
55 578 349
359 224 354
371 5 295
342 359 354
351 359 342
351 342 561
332 24 492
381 458 885
351 361 359
359 361 360
360 372 68
361 372 360
577 351 605
361 351 577
355 544 486
126 368 132
211 53 6
756 752 567
386 458 456
352 339 348
357 353 107
710 725 688
166 903 891
63 201 217
557 209 577
371 140 5
835 857 839
145 132 368
5 574 586
487 330 332
712 711 480
344 244 181
4 331 333
290 328 277
341 367 552
542 529 69
552 367 41
317 11 346
373 367 76
375 300 344
370 374 124
330 487 476
256 358 194
893 375 341
370 333 374
334 335 353
370 124 269
358 4 370
41 367 151
466 140 107
475 525 529
422 492 24
906 889 897
24 574 5
348 330 358
367 341 365
162 358 256
151 367 373
544 399 465
353 426 107
339 330 348
331 476 399
577 209 361
335 334 329
364 76 85
18 463 460
365 139 76
428 352 162
357 140 371
256 194 265
612 341 552
367 365 76
69 465 542
162 348 358
24 140 422
344 139 365
487 530 476
323 893 166
574 24 339
55 349 63
460 463 458
334 328 329
238 201 63
572 329 616
3 428 256
63 349 121
106 347 113
341 344 365
277 371 295
29 238 63
121 29 63
349 117 121
300 244 344
121 117 29
352 348 162
62 238 29
209 324 361
138 149 368
506 527 523
29 161 62
364 85 45
363 288 366
51 338 376
349 549 117
347 556 113
445 27 167
363 110 474
140 24 5
156 41 151
117 377 29
127 271 161
113 111 53
358 330 4
295 5 279
377 12 29
12 161 29
12 127 161
357 107 140
574 339 352
68 372 57
655 329 572
335 437 353
341 375 344
507 513 512
428 162 256
132 430 432
406 413 38
388 460 381
347 251 56
60 42 39
152 145 356
172 185 194
96 432 410
896 910 909
59 38 413
389 400 179
440 411 442
131 137 841
426 466 107
650 502 623
442 411 80
479 556 664
59 440 442
425 440 59
96 410 411
400 406 402
878 389 179
13 400 389
905 315 909
402 179 400
410 407 443
422 140 466
412 433 883
871 435 860
422 466 180
715 664 743
145 430 132
382 18 388
18 460 388
413 414 425
423 48 417
425 60 65
433 58 71
423 412 883
898 393 889
430 144 407
516 724 686
623 502 664
634 777 636
435 408 405
8 350 696
871 93 435
407 403 443
109 424 404
421 841 850
904 166 893
98 438 109
438 424 109
65 440 425
540 504 700
390 626 804
408 434 490
391 390 804
443 409 411
13 22 400
401 408 490
109 404 875
93 35 408
327 899 510
437 335 396
60 425 42
819 391 804
658 677 672
109 875 877
35 434 408
126 132 432
424 131 404
410 443 411
405 408 401
417 48 416
407 144 403
394 390 391
35 436 434
93 408 435
397 453 101
647 8 691
440 83 411
391 385 394
386 885 458
436 535 434
131 841 421
402 406 38
391 384 385
420 101 431
420 397 101
710 744 517
131 421 404
113 53 211
549 377 117
65 83 440
528 399 355
528 331 399
417 412 423
179 886 878
25 414 413
461 473 462
58 433 412
751 748 504
410 432 407
745 8 647
385 395 398
398 395 461
690 692 214
431 427 420
420 852 397
413 425 59
421 850 852
3 467 428
395 473 461
22 406 400
385 392 395
558 567 752
487 475 530
314 2 401
837 392 385
524 875 427
427 421 420
411 409 80
700 504 569
401 490 314
355 399 544
844 392 837
427 404 421
420 421 852
528 333 331
404 427 875
533 350 8
392 455 395
672 677 681
889 298 897
622 571 502
436 528 535
387 173 176
407 432 430
395 477 473
434 535 490
436 374 528
528 374 333
583 597 565
678 537 708
362 377 620
679 510 501
501 515 679
515 340 655
515 396 340
329 655 335
510 497 501
481 497 510
497 449 501
501 447 515
515 447 396
447 489 396
437 396 489
449 447 501
497 481 536
447 449 489
449 485 489
479 467 345
386 456 446
485 426 489
488 497 536
386 446 380
690 214 532
596 519 553
583 606 614
855 418 536
418 488 536
497 488 449
449 539 485
488 459 449
486 490 355
531 546 516
590 646 640
495 686 670
495 516 686
459 539 449
700 553 546
466 426 485
524 427 518
495 520 516
516 520 531
701 732 304
700 546 531
620 603 606
540 700 531
683 551 379
418 855 393
163 862 841
520 540 531
670 482 495
482 499 495
583 566 599
488 454 459
454 539 459
539 466 485
355 490 535
582 602 601
293 581 551
431 101 538
312 399 530
495 499 520
520 517 540
898 369 418
454 180 539
539 180 466
444 452 450
444 617 452
670 646 482
559 575 584
454 488 418
562 580 596
617 472 646
520 725 517
336 486 305
369 454 418
347 554 498
482 491 499
457 617 444
472 482 646
583 293 600
467 3 345
898 911 369
347 498 743
450 457 444
649 617 457
180 313 422
472 617 658
905 909 910
641 457 450
491 681 499
471 470 455
852 95 397
390 394 626
448 641 450
119 317 346
672 482 472
119 314 317
618 757 756
672 472 658
672 681 482
482 681 491
156 610 566
317 314 336
470 417 477
757 760 756
453 319 363
313 454 369
454 313 180
471 412 417
347 743 556
457 641 649
548 609 563
448 541 633
534 350 533
431 538 518
573 563 609
474 453 363
494 369 911
584 576 747
506 513 527
11 478 27
751 504 744
644 659 297
95 319 397
291 600 293
111 556 479
565 379 581
508 598 596
534 543 350
350 282 665
355 535 528
453 397 319
11 305 478
305 69 478
603 559 308
308 606 603
480 468 689
718 721 737
282 648 665
287 654 296
573 293 551
597 508 565
458 471 456
738 678 675
721 523 737
523 521 737
737 521 534
521 543 534
579 588 281
494 514 369
492 313 369
492 422 313
580 508 596
522 479 502
721 511 523
210 350 543
210 282 350
514 492 369
336 11 317
744 540 517
747 582 587
463 471 458
464 468 585
698 496 500
500 503 721
366 545 648
552 555 612
558 615 590
583 581 293
901 906 239
467 479 522
468 483 689
282 366 648
596 598 519
529 525 708
525 492 514
2 314 119
464 462 468
496 503 500
503 511 721
523 474 521
543 110 210
568 522 571
461 464 451
468 462 483
521 110 543
366 445 699
547 537 678
529 708 537
314 490 486
394 451 626
462 464 461
503 506 511
210 366 282
445 167 699
547 505 537
475 492 525
428 522 568
522 428 467
484 483 462
511 506 523
474 110 521
332 492 475
385 398 394
547 678 167
487 332 475
381 460 458
503 884 506
523 527 474
27 547 167
607 596 553
584 579 576
818 832 830
239 906 279
557 550 326
607 553 700
451 394 461
911 898 906
549 575 559
509 602 582
579 281 576
583 599 606
558 752 615
582 601 598
41 548 552
598 601 749
598 604 519
578 575 549
551 569 573
617 646 590
579 584 575
349 578 549
50 262 281
878 886 876
746 728 509
281 262 739
608 550 611
611 299 296
892 909 193
578 588 579
618 625 629
605 561 611
561 299 611
362 610 136
847 846 826
508 587 598
304 301 701
610 620 599
352 571 574
41 564 548
551 683 569
239 5 586
502 571 522
571 70 574
70 586 574
816 821 814
498 554 237
549 559 603
620 549 603
728 493 732
352 568 571
599 620 606
607 562 596
452 617 590
70 592 671
379 580 562
908 900 650
562 607 379
575 578 579
519 741 593
566 600 291
609 293 573
308 559 584
581 379 551
429 508 597
746 281 594
532 560 682
606 308 614
614 308 584
560 595 682
595 635 682
41 291 564
479 664 502
893 680 904
619 595 560
612 619 680
893 612 680
619 591 595
611 550 557
583 600 566
617 649 658
156 291 41
281 746 576
156 566 291
612 555 619
378 635 595
619 555 591
614 597 583
281 739 594
591 378 595
664 556 743
605 611 557
589 378 591
573 569 563
610 362 620
893 341 612
785 781 273
377 549 620
105 245 201
589 653 378
360 224 359
747 587 584
464 585 451
587 582 598
351 561 605
610 599 566
746 594 728
726 309 95
589 591 555
564 291 609
291 293 609
577 605 557
906 898 889
653 589 563
347 56 554
541 782 633
552 548 555
555 548 589
856 872 496
581 583 565
548 563 589
569 653 563
237 570 498
419 742 731
727 419 731
18 9 21
833 847 826
419 750 742
811 188 836
680 619 560
525 692 708
654 642 296
296 642 611
692 525 514
642 608 611
214 560 532
737 533 718
274 639 654
340 335 655
712 480 689
740 635 736
639 642 654
622 502 650
618 756 567
500 712 698
629 621 757
429 587 508
214 680 560
731 742 733
630 626 451
738 532 545
738 690 532
740 682 635
533 745 727
631 634 639
663 608 642
675 708 692
682 648 545
214 671 680
687 691 736
671 592 680
634 642 639
720 731 733
634 636 642
750 687 441
592 70 904
636 663 642
106 192 251
706 733 710
742 750 441
70 571 709
739 493 594
533 8 745
696 648 682
698 712 689
309 319 95
707 706 697
674 662 649
167 738 699
744 441 751
633 782 800
659 666 301
493 728 594
677 662 697
582 746 509
675 690 738
777 627 636
636 627 643
701 716 732
679 327 510
721 718 500
441 687 751
728 732 716
748 687 653
674 697 662
776 624 627
429 584 587
500 718 712
696 665 648
666 693 301
701 693 716
651 659 644
751 687 748
722 728 716
728 722 729
419 745 647
687 378 653
481 890 902
728 729 509
889 902 298
651 668 659
659 668 666
649 662 658
733 441 744
309 726 119
755 637 284
637 651 284
693 694 716
651 637 668
668 693 666
694 702 716
702 722 716
729 602 509
237 234 895
720 733 706
755 628 637
677 697 710
668 684 693
693 684 694
703 702 694
729 601 602
533 737 534
613 628 755
649 641 674
713 722 702
722 713 729
429 614 584
683 379 607
710 733 744
628 652 637
515 655 679
616 679 572
851 433 71
759 452 615
795 799 785
283 651 644
637 652 668
668 667 684
703 713 702
592 904 680
628 632 652
652 667 668
709 571 622
613 632 628
713 749 729
729 749 601
674 707 697
684 676 694
692 514 901
652 645 667
684 667 676
694 704 703
703 704 713
597 614 429
754 753 613
676 704 694
713 723 749
604 598 749
709 622 166
419 691 750
733 742 441
621 613 753
632 660 645
652 632 645
723 735 749
166 70 709
613 621 632
669 676 667
713 704 723
735 604 749
468 480 674
753 757 621
645 660 667
667 660 669
658 662 677
214 692 901
661 669 660
669 685 676
704 676 685
508 580 565
720 706 707
904 70 166
705 704 685
719 741 723
723 741 735
741 604 735
585 633 451
705 723 704
604 741 519
641 585 674
621 638 632
632 638 660
480 707 674
580 379 565
585 468 674
626 630 786
629 638 621
660 656 661
669 705 685
705 719 723
590 567 558
419 647 691
719 734 741
720 711 731
682 545 532
450 541 448
741 734 593
747 576 746
669 695 705
717 711 712
679 616 327
630 800 786
638 656 660
656 669 661
669 656 695
695 719 705
711 720 707
736 635 378
498 570 715
629 625 638
761 760 757
715 570 896
145 368 149
656 657 695
695 724 719
724 734 719
699 738 545
718 727 712
640 656 638
640 657 656
734 730 593
727 745 419
743 498 715
638 625 640
593 553 519
533 727 718
697 706 710
446 392 844
686 695 657
724 730 734
691 740 736
618 567 625
670 686 657
724 695 686
730 553 593
687 736 378
350 665 696
760 761 769
769 761 764
590 640 625
630 451 633
696 740 691
908 715 896
446 844 380
8 696 691
783 769 770
1 892 193
640 646 657
646 670 657
800 630 633
750 691 687
546 730 724
516 546 724
730 546 553
499 725 520
717 731 711
493 739 325
663 636 643
783 787 769
623 715 908
590 625 567
693 701 301
817 829 808
797 794 808
842 824 828
177 170 874
789 796 787
794 817 808
829 817 843
817 853 843
780 775 776
834 805 820
278 799 795
799 822 811
780 794 797
889 855 902
28 146 128
798 780 777
889 393 855
798 794 780
13 383 387
779 771 763
840 829 843
842 835 824
836 188 36
880 170 882
767 774 773
762 758 754
634 798 777
809 817 794
853 869 861
309 119 346
758 762 767
788 792 771
832 836 830
834 847 833
881 389 879
801 816 814
817 854 853
174 869 853
854 174 853
811 836 832
778 790 802
834 833 805
822 799 278
536 481 902
790 815 802
874 171 177
423 883 48
778 791 790
773 791 778
774 791 773
811 832 803
853 861 843
119 726 870
798 809 794
270 195 234
870 415 2
815 828 824
874 868 864
811 803 799
803 832 818
857 863 839
874 170 880
762 774 767
765 766 764
870 439 415
878 879 389
831 873 849
821 827 814
53 111 345
6 53 345
383 13 881
439 870 726
353 437 426
784 783 770
753 761 757
789 787 783
850 726 852
860 415 439
415 435 405
203 714 512
884 203 512
714 469 507
726 850 439
860 435 415
810 803 781
803 818 781
753 765 761
276 817 809
206 223 54
761 765 764
862 439 850
862 673 439
673 860 439
848 847 834
276 854 817
496 872 884
507 469 318
881 865 383
222 269 124
203 469 714
513 507 318
766 770 764
824 835 839
768 779 763
572 679 655
884 872 203
841 862 850
203 888 469
877 875 318
875 524 318
872 888 203
469 877 318
673 871 860
311 891 526
766 784 770
163 673 862
776 775 624
786 812 804
812 819 804
412 471 20
779 788 771
819 384 391
828 815 807
784 789 783
887 881 879
816 831 821
28 673 163
673 28 871
871 28 128
689 483 698
698 483 856
872 272 888
469 859 877
858 835 842
823 819 812
823 384 819
481 510 894
856 272 872
272 859 888
888 859 469
815 824 802
806 820 805
219 28 163
822 188 811
800 812 786
800 823 812
631 798 634
483 272 856
947 949 913
929 935 928
950 946 954
946 947 954
953 947 946
934 935 929
938 943 935
943 941 935
943 942 941
934 938 935
955 944 948
955 951 944
918 925 924
943 948 942
948 944 942
947 953 949
919 922 917
945 912 949
919 932 922
932 929 922
953 945 949
932 934 929
939 938 934
921 917 916
921 919 917
919 930 932
936 939 934
915 955 948
926 930 919
923 926 919
921 923 919
936 934 932
926 931 930
937 936 932
914 915 948
921 920 923
933 931 926
920 921 916
952 914 948
940 936 937
933 926 923
920 927 923
927 933 923
